0.99285373697
0.660540294107
0.729232108495
0.705500658397
0.706881786587
0.709321963642
0.710713655214
0.703247568256
0.703223603011
0.70335397171
0.71807966901
0.697615997589
0.696938659771
0.696107645463
0.694262043257
0.692241745797
0.705775162065
0.690280299232
0.688363594906
0.693998745837
1.066922903060913
0.5534529685974121
0.6213823556900024
0.6476851105690002
0.6769360303878784
0.6874715685844421
0.6928073167800903
0.6972814798355103
0.6976515054702759
0.6976185441017151
0.6973809003829956
0.6972091197967529
0.6985268592834473
0.701171338558197
0.6979811191558838
0.6974116563796997
0.6974244713783264
0.70330411195755
0.6968259215354919
0.7000685334205627
1.1205214262008667
0.464503675699234
0.4571641981601715
0.46952831745147705
0.48127052187919617
0.4750305414199829
0.4772258698940277
0.4762496054172516
0.4761483669281006
0.4733644425868988
0.4767462909221649
0.4784314036369324
0.4754859507083893
0.47351524233818054
0.4779735803604126
0.4784983694553375
0.47052326798439026
0.47357821464538574
0.4698941111564636
0.4806695580482483
1.0968114137649536
0.42961129546165466
0.33489876985549927
0.3210838735103607
0.31985628604888916
0.30824801325798035
0.2956824004650116
0.29122915863990784
0.2833152711391449
0.2791382074356079
0.2754734754562378
0.27138060331344604
0.27106693387031555
0.26747044920921326
0.2647433280944824
0.2638850212097168
0.26530930399894714
0.26722902059555054
0.26072996854782104
0.2596800625324249
