0.757777577018
0.416712003467
0.429136338906
0.435324488089
0.459659096718
0.438302360203
0.433767421411
0.426188195718
0.424960386309
0.424142220129
0.428743904254
0.418800275546
0.41736771695 
0.413607671436
0.416250887689
0.425948503874
0.410765313746
0.412959663444
0.412172520577
0.40498085951 
0.960569441318512
0.1703302264213562
0.1928991675376892
0.21429000794887543
0.21507664024829865
0.22326606512069702
0.25230681896209717
0.251958966255188
0.25885728001594543
0.2654017210006714
0.2624352276325226
0.26186418533325195
0.2648656964302063
0.2608984112739563
0.2625402510166168
0.2618670165538788
0.26023390889167786
0.2597200274467468
0.2593833804130554
0.25920143723487854
1.766170859336853
0.19988885521888733
0.22287654876708984
0.22725147008895874
0.22510141134262085
0.22015300393104553
0.21427713334560394
0.22467413544654846
0.22021032869815826
0.21727672219276428
0.2101319134235382
0.20630374550819397
0.22944866120815277
0.20538276433944702
0.2007782906293869
0.20920725166797638
0.2000763714313507
0.19891899824142456
0.1978989541530609
0.19667856395244598
0.6414703130722046
0.14165693521499634
0.1962905079126358
0.16379164159297943
0.15663522481918335
0.13857679069042206
0.12264660000801086
0.11188606172800064
0.11095032095909119
0.1022254079580307
0.10636293143033981
0.10451231151819229
0.10309811681509018
0.10698321461677551
0.0983721986413002
0.10120298713445663
0.09859401732683182
0.10050828754901886
0.0981576144695282
0.09850529581308365
