1.1773637027
0.86731048949
0.881177823513
0.857123251248
0.873319578997
0.854343632455
0.862877488112
0.867604061119
0.877331760287
0.851057410279
0.851250127493
0.862325423997
0.849463158665
0.849380321977
0.848237853332
0.860095918152
0.849013090806
0.845994507102
0.854714710144
0.847090994116
1.4924900531768799
0.5685476660728455
0.612185537815094
0.6965791583061218
0.771809995174408
0.7953344583511353
0.8042958974838257
0.7972444295883179
0.7960867881774902
0.7988815307617188
0.7989349365234375
0.8034234046936035
0.795896589756012
0.7929177284240723
0.7979114055633545
0.7921643257141113
0.7856895923614502
0.7835001349449158
0.7804570198059082
0.7836307287216187
1.6499019861221313
0.7476640939712524
0.705446183681488
0.7232556343078613
0.7030892968177795
0.6934952735900879
0.6868778467178345
0.7004567980766296
0.674580991268158
0.6751837730407715
0.6829877495765686
0.6468036770820618
0.657808244228363
0.6480429172515869
0.6476705074310303
0.6327770352363586
0.6426394581794739
0.6398575305938721
0.6535630822181702
0.6110237240791321
1.1382479667663574
0.8160845041275024
0.831241250038147
0.7695838809013367
0.7678067684173584
0.7846843600273132
0.6993299126625061
0.6911525726318359
0.6983498334884644
0.6714447736740112
0.6697753667831421
0.6614808440208435
0.747713565826416
0.6813575625419617
0.6600150465965271
0.637158989906311
0.6182863116264343
0.6123746037483215
0.6111975312232971
0.6133537292480469
